6, 1665816
8, 1677028
10, 1745276
12, 1929168
14, 1928196
16, 1926852
18, 1925756
20, 1924408
22, 1923896
24, 1923116
26, 1922896
28, 1921976
30, 1921560
32, 1921508
34, 1920312
36, 1920060
38, 1943624
40, 1944932
42, 1945096
44, 1944928
46, 1944916
48, 1946556
50, 1947376
52, 1947392
54, 2195872
56, 2194584
58, 2194296
60, 2194504
62, 2194800
64, 2194896
66, 2196524
68, 2196680
70, 2196888
72, 2196244
74, 2196680
76, 2196020
78, 2196800
80, 2197276
82, 2196908
84, 2195936
86, 2196604
88, 2196208
90, 2196412
92, 2197772
94, 2198496
96, 2198204
98, 2197908
100, 2198268
102, 2197820
104, 2202392
106, 2202216
108, 2202044
110, 2202188
112, 2201700
114, 2201552
116, 2202080
118, 2201136
120, 2200656
122, 2200404
124, 2200348
126, 2200348
128, 2199920
130, 2200068
132, 2200344
134, 2203552
136, 2202668
138, 2202104
140, 2201372
142, 2201700
144, 2201484
146, 2200968
148, 2200664
150, 2200408
152, 2200196
154, 2201216
156, 2200856
158, 2200584
160, 2200896
162, 2201092
164, 2201136
166, 2200656
168, 2200436
170, 2200784
172, 2201600
174, 2201312
176, 2201000
178, 1901792
180, 1842660
182, 1796520
184, 1774412
186, 1833052
188, 1831896
190, 1831804
192, 1831724
194, 1828852
196, 1830040
198, 1831008
200, 1832764
202, 1964688
204, 1964616
206, 1940528
208, 2232088
210, 2017140
212, 1895156
214, 1898100
216, 1684552
218, 1859372
220, 2693856
222, 4382104
224, 6257812
226, 6275388
228, 6274404
230, 6274160
232, 6274220
234, 7159072
236, 8246268
238, 9072908
240, 9788472
242, 10336880
244, 10837888
246, 13245040
248, 13245316
250, 13245356
252, 15290832
254, 15359796
256, 17424112
258, 23224036
260, 28992408
262, 32595024
264, 32594412
266, 32594440
268, 32594460
270, 32594124
272, 32593876
274, 32594416
276, 32594600
278, 32595328
280, 32594216
282, 32593732
284, 33157488
286, 33157192
288, 33158068
290, 33158932
292, 35702876
294, 38403332
296, 41099868
298, 43800744
300, 46495544
302, 48923416
304, 48924016
306, 48923552
308, 48923344
310, 48923556
312, 48923548
314, 48923440
316, 48923328
318, 48923576
320, 49375736
322, 49486180
324, 49485916
326, 49485452
328, 50053308
330, 32830364
332, 1861808
334, 2869824
336, 4550032
338, 6280620
340, 6279844
342, 6279040
344, 6279580
346, 6279152
348, 7155484
350, 8213496
352, 9075184
354, 9794408
356, 10344676
358, 10845152
360, 13253088
362, 13252996
364, 13253200
366, 15299420
368, 15367980
370, 16949144
372, 22831312
374, 28704008
376, 32491660
378, 32604740
380, 32604588
382, 32604152
384, 32603840
386, 32603964
388, 32604156
390, 32603724
392, 32603980
394, 32604788
396, 32603172
398, 33165912
400, 33166068
402, 33165616
404, 33165744
406, 35129664
408, 37813956
410, 40523036
412, 43224160
414, 45921120
416, 48628988
418, 48929420
420, 48929840
422, 48930028
424, 48929948
426, 48929632
428, 48930068
430, 48930048
432, 48929792
434, 48929876
436, 49492920
438, 49492536
440, 49491612
442, 50055756
444, 50067152
446, 1672408
448, 2065244
450, 3583472
452, 5261460
454, 6266432
456, 6266100
458, 6265432
460, 6264880
462, 6407316
464, 7857064
466, 8907712
468, 10831584
470, 13238884
472, 13239324
474, 13239480
476, 15285636
478, 15354212
480, 17533000
482, 23576796
484, 29103184
486, 32590572
488, 32591132
490, 32591532
492, 32591364
494, 32591064
496, 32590856
498, 32590372
500, 32591136
502, 32591196
504, 32590876
506, 32590260
508, 33153528
510, 33153356
512, 33154092
514, 33153716
516, 35294940
518, 37980140
520, 40677488
522, 43376840
524, 46071344
526, 48830572
528, 48918928
530, 48918780
532, 48919992
534, 48919228
536, 48919084
538, 48919244
540, 48918816
542, 48918876
544, 48919608
546, 49482136
548, 49481608
550, 49481984
552, 50045852
554, 50056608
556, 1685684
558, 2068340
560, 3618616
562, 5309348
564, 6266380
566, 6265948
568, 6265400
570, 6265980
572, 6508364
574, 7858572
576, 8911568
578, 9575972
580, 10336044
582, 10837280
584, 13245028
586, 13245252
588, 13244876
590, 14249412
592, 15293124
594, 16561852
596, 21907832
598, 28233212
600, 32069548
602, 32597572
604, 32597160
606, 32596780
608, 32596724
610, 32596500
612, 32595864
614, 32595780
616, 32595392
618, 32594828
620, 32594976
622, 33070944
624, 33158060
626, 33157820
628, 33157640
630, 34894112
632, 37593072
634, 40301156
636, 43019532
638, 45740348
640, 48463084
642, 48922260
644, 48922784
646, 48922676
648, 48923908
650, 48924800
652, 48923228
654, 48923812
656, 48924324
658, 48923224
660, 49485692
662, 49485920
664, 49485640
666, 50049736
668, 50061572
670, 4431420
672, 6273364
674, 6272736
676, 6271696
678, 6271556
680, 6271344
682, 7209140
684, 8303480
686, 9143416
688, 10114840
690, 10334944
692, 11038376
694, 13244464
696, 13244308
698, 13314304
700, 15290516
702, 15997848
704, 19129920
706, 26084020
708, 30519244
710, 32595264
712, 32596824
714, 32596504
716, 32596352
718, 32596416
720, 32596392
722, 32596732
724, 32597228
726, 32597104
728, 32596900
730, 32596248
732, 33158808
734, 33159008
736, 33158752
738, 33690676
740, 36381264
742, 39079968
744, 41781772
746, 44482328
748, 47182564
750, 48923884
752, 48923876
754, 48924060
756, 48923696
758, 48922984
760, 48923000
762, 48923248
764, 48923048
766, 48922628
768, 49485988
770, 49486032
772, 49486036
774, 49485476
776, 50055868
778, 23294552
780, 1867440
782, 2888736
784, 4574708
786, 6271652
788, 6272300
790, 6272736
792, 6273212
794, 6273224
796, 7370244
798, 8456852
800, 9300708
802, 9786516
804, 10336244
806, 10837740
808, 13245760
810, 13245172
812, 13245312
814, 15290408
816, 15359928
818, 17619684
820, 23824864
822, 29206332
824, 32597120
826, 32597584
828, 32597008
830, 32597436
832, 32597412
834, 32597144
836, 32597176
838, 32597688
840, 32597584
842, 32597780
844, 32597440
846, 33160188
848, 33159900
850, 33160452
852, 39297940
854, 41997316
856, 44691848
858, 47393076
860, 48925964
862, 48925812
864, 48925880
866, 48925608
868, 48925672
870, 48925416
872, 48925292
874, 49487432
876, 49487524
878, 49487824
880, 50052340
882, 50062948
884, 49165104
886, 1712452
888, 1794832
890, 1793868
892, 1868920
894, 1837220
896, 1837200
898, 1836876
900, 1835984
902, 1835556
904, 3082180
906, 4766112
908, 6271452
910, 6271672
912, 6271748
914, 6271844
916, 6271620
918, 7499984
920, 8580312
922, 9311940
924, 9934840
926, 10337196
928, 11009888
930, 13245624
932, 13245268
934, 13315908
936, 15290816
938, 15841384
940, 18693956
942, 25583120
944, 30222652
946, 32596380
948, 32596552
950, 32596692
952, 32595992
954, 32596128
956, 32595732
958, 32595456
960, 32595728
962, 32595612
964, 32595328
966, 32595068
968, 33158580
970, 33158072
972, 33158152
974, 33158896
976, 35672532
978, 38350272
980, 41053636
982, 43756416
984, 46466060
986, 48924284
988, 48924648
990, 48924780
992, 48923716
994, 48923872
996, 48923608
998, 48923660
1000, 48923360
1002, 48923496
1004, 49351476
1006, 49487136
1008, 49487696
1010, 49487592
1012, 50054572
1014, 32807308
1016, 1864480
1018, 2987904
1020, 4673752
1022, 6265196
1024, 6265568
1026, 6265100
1028, 6265956
1030, 6265600
1032, 7461904
1034, 8549756
1036, 9305624
1038, 9780308
1040, 10329324
1042, 10999596
1044, 13237864
1046, 13238352
1048, 13308880
1050, 15284736
1052, 15564008
1054, 18423700
1056, 25303548
1058, 30038792
1060, 32589712
1062, 32588880
1064, 32589812
1066, 32589312
1068, 32588584
1070, 32590220
1072, 32590180
1074, 32590912
1076, 32590596
1078, 32590236
1080, 32589624
1082, 33152896
1084, 33152708
1086, 33152588
1088, 33156024
1090, 35800172
1092, 38494480
1094, 41185960
1096, 43882688
1098, 46569288
1100, 48917144
1102, 48916976
1104, 48916696
1106, 48917068
1108, 48918096
1110, 48917688
1112, 48917868
1114, 48918192
1116, 48917780
1118, 49470416
1120, 49479592
1122, 49480036
1124, 49480204
1126, 50047548
1128, 32787412
1130, 1854332
1132, 2790136
1134, 4469884
1136, 6271296
1138, 6271028
1140, 6270480
1142, 6270624
1144, 6270380
1146, 7077220
1148, 8136892
1150, 8993040
1152, 9785008
1154, 10333752
1156, 10852844
1158, 13244384
1160, 13244116
1162, 13245332
1164, 15291756
1166, 15360892
1168, 17459972
1170, 24195484
1172, 29359588
1174, 32596708
1176, 32596460
1178, 32595728
1180, 32595888
1182, 32596412
1184, 32596632
1186, 32596524
1188, 32596516
1190, 32595896
1192, 32595352
1194, 32594816
1196, 33158296
1198, 33158824
1200, 33159164
1202, 33159768
1204, 35100872
1206, 37787824
1208, 40474388
1210, 43164144
1212, 45858288
1214, 48550744
1216, 48923992
1218, 48924700
1220, 48923092
1222, 48924232
1224, 48924160
1226, 48923900
1228, 48923236
1230, 48923756
1232, 48923820
1234, 49486960
1236, 49486816
1238, 49486548
1240, 50038644
1242, 50062108
1244, 1678816
1246, 1859712
1248, 3469872
1250, 5149672
1252, 6273640
1254, 6272840
1256, 6271628
1258, 6271128
1260, 6366472
1262, 7752892
1264, 8812108
1266, 9441004
1268, 10028392
1270, 10334064
1272, 11008864
1274, 13245980
1276, 13246096
1278, 13316252
1280, 15290928
1282, 15878504
1284, 18653332
1286, 25411000
1288, 30063360
1290, 32599528
1292, 32599496
1294, 32599704
1296, 32600436
1298, 32600460
1300, 32600504
1302, 32599412
1304, 32599576
1306, 32599432
1308, 32599096
1310, 32599088
1312, 33162252
1314, 33161940
1316, 33161428
1318, 33162020
1320, 35646664
1322, 38349684
1324, 41053940
1326, 43760260
1328, 46466844
1330, 48927192
1332, 48927056
1334, 48927156
1336, 48927172
1338, 48926084
1340, 48925736
1342, 48926500
1344, 48926460
1346, 48925916
1348, 49037216
1350, 49488468
1352, 49488964
1354, 49488964
1356, 50055040
1358, 32838200
1360, 1865204
1362, 2837752
1364, 4531688
1366, 6277592
1368, 6278080
1370, 6276680
1372, 6276836
1374, 6276312
1376, 7334872
1378, 8423448
1380, 9260332
1382, 9789440
1384, 10339384
1386, 10840732
1388, 13247708
1390, 13248356
1392, 13248420
1394, 15294808
1396, 15363192
1398, 17131032
1400, 23225028
1402, 28849812
1404, 32173972
1406, 32601088
1408, 32600704
1410, 32600540
1412, 32600884
1414, 32600308
1416, 32600680
1418, 32600992
1420, 32600360
1422, 32600028
1424, 32600108
1426, 33072492
1428, 33162984
1430, 33162668
1432, 33162760
1434, 34848236
1436, 37548924
1438, 40248772
1440, 42950652
1442, 45646972
1444, 48348716
1446, 48928844
1448, 48927952
1450, 48928280
1452, 48928568
1454, 48928032
1456, 48927780
1458, 48927624
1460, 48927468
1462, 48927500
1464, 49489460
1466, 49490196
1468, 49489892
1470, 50053728
1472, 50065240
1474, 1675104
1476, 2009404
1478, 3585376
1480, 5272204
1482, 6274972
1484, 6274720
1486, 6274732
1488, 6273636
1490, 6500012
1492, 7865016
1494, 8915856
1496, 9579372
1498, 10337048
1500, 10354160
1502, 12277440
1504, 13248464
1506, 13248504
1508, 13319268
1510, 15295516
1512, 16139672
1514, 20865348
1516, 27547548
1518, 31214944
1520, 32601952
1522, 32600768
1524, 32600596
1526, 32600316
1528, 32599672
1530, 32598912
1532, 32599292
1534, 32599012
1536, 32598376
1538, 33161544
1540, 33162124
1542, 33162512
1544, 35228240
1546, 37931744
1548, 40633056
1550, 43330176
1552, 46028928
1554, 48733572
1556, 48926888
1558, 48926556
1560, 48926956
1562, 48926748
1564, 48926736
1566, 48926748
1568, 48927196
1570, 48927120
1572, 48997448
1574, 49489564
1576, 49489692
1578, 49489832
1580, 50053960
1582, 32832968
1584, 1866192
1586, 2883264
1588, 4562028
1590, 6267344
1592, 6267648
1594, 6267572
1596, 6267896
1598, 6267384
1600, 7136272
1602, 8194928
1604, 9059356
1606, 9782480
1608, 10331000
1610, 10851548
1612, 13242724
1614, 13242748
1616, 13243544
1618, 15289044
1620, 15358500
1622, 17616728
1624, 24347572
1626, 29423552
1628, 32457708
1630, 32593832
1632, 32593736
1634, 32593396
1636, 32593600
1638, 32593636
1640, 32593956
1642, 32593696
1644, 32593328
1646, 32593728
1648, 32593272
1650, 33156776
1652, 33156860
1654, 33156956
1656, 33156816
1658, 35015736
1660, 37707480
1662, 40410628
1664, 43113744
1666, 45811932
1668, 48507560
1670, 48920900
1672, 48920372
1674, 48920588
1676, 48919444
1678, 48919948
1680, 48919616
1682, 48920332
1684, 48920812
1686, 48920984
1688, 49483952
1690, 49484204
1692, 49483632
1694, 49954608
1696, 50058600
1698, 1693472
1700, 2076604
1702, 3615936
1704, 5296096
1706, 6274128
1708, 6274580
1710, 6274280
1712, 6274396
1714, 6428832
1716, 7866036
1718, 8917360
1720, 10840064
1722, 13248420
1724, 13248484
1726, 13247952
1728, 14165692
1730, 15293356
1732, 16562432
1734, 21043948
1736, 27525560
1738, 32598944
1740, 32598896
1742, 32597820
1744, 32597732
1746, 32597640
1748, 32597844
1750, 32597212
1752, 32597388
1754, 32597404
1756, 32597360
1758, 33160376
1760, 33159988
1762, 33160268
1764, 33160048
1766, 46723460
1768, 48925676
1770, 48926056
1772, 48926064
1774, 48925360
1776, 48925940
1778, 48926020
1780, 48925524
1782, 48926080
1784, 49488600
1786, 49488520
1788, 49491164
1790, 49489916
1792, 50059804
1794, 49859260
1796, 1822276
1798, 1821544
1800, 1821604
1802, 1840092
1804, 1839708
1806, 1839204
1808, 1838756
1810, 1839808
1812, 2078692
1814, 3632748
1816, 5316784
1818, 6276820
1820, 6276292
1822, 6275508
1824, 6275216
1826, 6505556
1828, 7866800
1830, 8918516
1832, 9580512
1834, 10337884
1836, 10354632
1838, 12000348
1840, 13246948
1842, 13246932
1844, 13316840
1846, 15292216
1848, 16000324
1850, 20445788
1852, 27287304
1854, 30911068
1856, 32599548
1858, 32599936
1860, 32600196
1862, 32600548
1864, 32600472
1866, 32599200
1868, 32599416
1870, 32599900
1872, 32599048
1874, 32598860
1876, 32598568
1878, 33161216
1880, 33160804
1882, 33161120
1884, 33299436
1886, 35962484
1888, 38668240
1890, 41368216
1892, 44072456
1894, 46767852
1896, 48924948
1898, 48924864
1900, 48924360
1902, 48925016
1904, 48924596
1906, 48924140
1908, 48924248
1910, 48924484
1912, 48924280
1914, 49487248
1916, 49487432
1918, 49487184
1920, 49486556
1922, 50055148
1924, 32835216
1926, 1864168
1928, 2942116
1930, 4629192
1932, 6268792
1934, 6269608
1936, 6269100
1938, 6268548
1940, 6268708
1942, 7382460
1944, 8464100
1946, 9300084
1948, 10329008
1950, 10334364
1952, 11139928
1954, 13243396
1956, 13243080
1958, 13313888
1960, 15289856
1962, 15996528
1964, 19247368
1966, 26142348
1968, 30369176
1970, 32595520
1972, 32595180
1974, 32594760
1976, 32595148
1978, 32596340
1980, 32595028
1982, 32595316
1984, 32595556
1986, 32595276
1988, 32594468
1990, 32594940
1992, 33157884
1994, 33158504
1996, 33158132
1998, 33157940
2000, 35538900
2002, 38255148
2004, 40965836
2006, 43674152
2008, 46380176
2010, 48923076
2012, 48922964
2014, 48923172
2016, 48923768
2018, 48923372
2020, 48923256
2022, 48923456
2024, 48923308
2026, 48923972
2028, 49196208
2030, 49485380
2032, 49486132
2034, 49485912
2036, 50052284
2038, 32835220
2040, 1867584
2042, 3022332
2044, 4713416
2046, 6272460
2048, 6272092
2050, 6272148
2052, 6272024
2054, 6272564
2056, 7492276
2058, 8584312
2060, 9313364
2062, 10337784
2064, 10338060
2066, 11172560
2068, 13248152
2070, 13247428
2072, 13317940
2074, 15292296
2076, 15998584
2078, 19536820
2080, 26486880
2082, 30451260
2084, 32597164
2086, 32596972
2088, 32597704
2090, 32597680
2092, 32597780
2094, 32597652
2096, 32597000
2098, 32596768
2100, 32597192
2102, 32597776
2104, 32597760
2106, 33160612
2108, 33160580
2110, 33160268
2112, 33181456
2114, 35836076
2116, 38529980
2118, 41228312
2120, 43933084
2122, 46647184
2124, 48925260
2126, 48924784
2128, 48924956
2130, 48925136
2132, 48924748
2134, 48924392
2136, 48924580
2138, 48924108
2140, 48923968
2142, 49487080
2144, 49487148
2146, 49486756
2148, 49486896
2150, 50054476
2152, 32760564
2154, 1858876
2156, 2872908
2158, 4561796
2160, 6267932
2162, 6267556
2164, 6267216
2166, 6267072
2168, 6266924
2170, 7333232
2172, 8425520
2174, 9262032
2176, 9825768
2178, 10334856
2180, 11003996
2182, 13241728
2184, 13241996
2186, 13312084
2188, 15288248
2190, 15842000
2192, 18734736
2194, 25672648
2196, 30090356
2198, 32592992
2200, 32592652
2202, 32593456
2204, 32593372
2206, 32593712
2208, 32593616
2210, 32593808
2212, 32594868
2214, 32593984
2216, 32594424
2218, 32593752
2220, 33156332
2222, 33156964
2224, 33157372
2226, 33157576
2228, 35491636
2230, 38196488
2232, 40899696
2234, 43603368
2236, 46308412
2238, 48922540
2240, 48922776
2242, 48922412
2244, 48922468
2246, 48922196
2248, 48922388
2250, 48921520
2252, 48921788
2254, 48921320
2256, 49311288
2258, 49485132
2260, 49484964
2262, 49485540
2264, 50052888
2266, 32833736
2268, 1864664
2270, 2847404
2272, 4533896
2274, 6273372
2276, 6272164
2278, 6272276
2280, 6273136
2282, 6272916
2284, 7326056
2286, 8417736
2288, 9252980
2290, 9806140
2292, 10334688
2294, 11007468
2296, 13244800
2298, 13245064
2300, 13315756
2302, 15290300
2304, 15791624
2306, 18695988
2308, 25625000
2310, 30014456
2312, 32595524
2314, 32596528
2316, 32597936
2318, 32597804
2320, 32598736
2322, 32598288
2324, 32598176
2326, 32597348
2328, 32596932
2330, 32597232
2332, 32596832
2334, 33159836
2336, 33160172
2338, 33159408
2340, 33158924
2342, 35404100
2344, 38113444
2346, 40826868
2348, 43533324
2350, 46244020
2352, 48924056
2354, 48923892
2356, 48923316
2358, 48923732
2360, 48923628
2362, 48923280
2364, 48923644
2366, 48922720
2368, 48923584
2370, 49179064
2372, 49486956
2374, 49487020
2376, 49486724
2378, 50052592
2380, 32826372
2382, 1863536
2384, 2851884
2386, 4534172
2388, 6271780
2390, 6270948
2392, 6270508
2394, 6271232
2396, 6271928
2398, 7141192
2400, 8201828
2402, 9063428
2404, 12480436
2406, 13243952
2408, 13243980
2410, 13414000
2412, 15291672
2414, 16198804
2416, 20758800
2418, 27321140
2420, 30661136
2422, 32595916
2424, 32595324
2426, 32595084
2428, 32594908
2430, 32594544
2432, 32593856
2434, 32595944
2436, 32595876
2438, 32596920
2440, 32595928
2442, 32596452
2444, 33159140
2446, 33159992
2448, 33158984
2450, 33158208
2452, 35745884
2454, 38434336
2456, 41118556
2458, 43803592
2460, 46488704
2462, 48923936
2464, 48923792
2466, 48923572
2468, 48923836
2470, 48924432
2472, 48923940
2474, 48924448
2476, 48923944
2478, 48923624
2480, 49261372
2482, 49487176
2484, 49486920
2486, 49486276
2488, 50052728
2490, 32834360
2492, 1863332
2494, 2852444
2496, 4531220
2498, 6269880
2500, 6269904
2502, 6270052
2504, 6268980
2506, 6269112
2508, 7131552
2510, 8190396
2512, 9059548
2514, 9784520
2516, 10334140
2518, 10851620
2520, 13242336
2522, 13242468
2524, 13243184
2526, 15289084
2528, 15358216
2530, 17487884
2532, 24220332
2534, 29277236
2536, 32006380
2538, 32594576
2540, 32594148
2542, 32594128
2544, 32593652
2546, 32593832
2548, 32593868
2550, 32593336
2552, 32593176
2554, 32592764
2556, 32593252
2558, 32672284
2560, 33156576
2562, 33156504
2564, 33155976
2566, 34424636
2568, 37105976
2570, 39791504
2572, 42483712
2574, 45182124
2576, 47876168
2578, 48921924
2580, 48921264
2582, 48920632
2584, 48921400
2586, 48921324
2588, 48921004
2590, 48921372
2592, 49484396
2594, 49484336
2596, 49484096
2598, 50048564
2600, 32831644
2602, 1865324
2604, 2977620
2606, 4669896
2608, 6271316
2610, 6270904
2612, 6270032
2614, 6269900
2616, 6270044
2618, 7452436
2620, 8545936
2622, 9309856
2624, 9783984
2626, 10332768
2628, 11005684
2630, 13242488
2632, 13243028
2634, 13313576
2636, 15288828
2638, 15496796
2640, 18382176
2642, 25321420
2644, 29735156
2646, 32427256
2648, 32595156
2650, 32595464
2652, 32596120
2654, 32596080
2656, 32596084
2658, 32595860
2660, 32595584
2662, 32596220
2664, 32596344
2666, 32596724
2668, 33158832
2670, 33158764
2672, 33158476
2674, 39036724
2676, 41743536
2678, 44453036
2680, 47164628
2682, 48923884
2684, 48923472
2686, 48923884
2688, 48923760
2690, 48923348
2692, 48922856
2694, 48922952
2696, 48923516
2698, 48922932
2700, 49485620
2702, 49485320
2704, 49485952
2706, 49485792
2708, 50055320
2710, 49199520
2712, 1714744
2714, 1795192
2716, 1794508
2718, 1868316
2720, 1837032
2722, 1837752
2724, 1837032
2726, 1836280
2728, 1835292
2730, 3192492
2732, 4881768
2734, 6274176
2736, 6274588
2738, 6274596
2740, 6274812
2742, 6314388
2744, 7635520
2746, 8723380
2748, 9365664
2750, 9792688
2752, 10341776
2754, 10858848
2756, 13250688
2758, 13251380
2760, 13251268
2762, 15297276
2764, 15366800
2766, 17498624
2768, 24360468
2770, 29301184
2772, 31990604
2774, 32602952
2776, 32601996
2778, 32602736
2780, 32602296
2782, 32602716
2784, 32602824
2786, 32602628
2788, 32602972
2790, 32603080
2792, 32603588
2794, 32834700
2796, 33166476
2798, 33166196
2800, 33166144
2802, 34639220
2804, 37336584
2806, 40035208
2808, 42739612
2810, 45444696
2812, 48146688
2814, 48929812
2816, 48929864
2818, 48929760
2820, 48928852
2822, 48928816
2824, 48929664
2826, 48929308
2828, 48928940
2830, 48929548
2832, 49492148
2834, 49491720
2836, 49492316
2838, 50054960
2840, 50066540
2842, 1672140
2844, 1822252
2846, 3410596
2848, 5088776
2850, 6272796
2852, 6271736
2854, 6272088
2856, 6272112
2858, 6331620
2860, 7676212
2862, 8735540
2864, 9364392
2866, 9893236
2868, 10335844
2870, 11009380
2872, 13246204
2874, 13246304
2876, 13317388
2878, 15292148
2880, 15736876
2882, 18500868
2884, 25235060
2886, 29573316
2888, 32252348
2890, 32598992
2892, 32598808
2894, 32598492
2896, 32598180
2898, 32597064
2900, 32596248
2902, 32596268
2904, 32596448
2906, 32596988
2908, 32596712
2910, 32946652
2912, 33160004
2914, 33160012
2916, 33159788
2918, 34742072
2920, 37448144
2922, 40152708
2924, 42855748
2926, 45549756
2928, 48253684
2930, 48924812
2932, 48925388
2934, 48925868
2936, 48925444
2938, 48926400
2940, 48927368
2942, 48926660
2944, 48926288
2946, 48926996
2948, 49489384
2950, 49489256
2952, 49489644
2954, 49817248
2956, 50064512
2958, 1677120
2960, 1844920
2962, 3408348
2964, 5095044
2966, 6273400
2968, 6273348
2970, 6272536
2972, 6272592
2974, 6409268
2976, 7864892
2978, 8916840
2980, 9579820
2982, 10341784
2984, 10341948
2986, 11450020
2988, 13249412
2990, 13248324
2992, 13319452
2994, 15294056
2996, 16002100
2998, 19969008
3000, 26839496
3002, 30168184
3004, 32599364
3006, 32600580
3008, 32600364
3010, 32600428
3012, 32600572
3014, 32600968
3016, 32601392
3018, 32601696
3020, 32601392
3022, 32601464
3024, 32600708
3026, 33163116
3028, 33162992
3030, 33162388
3032, 33162020
3034, 35698968
3036, 38399972
3038, 41108984
3040, 43803564
3042, 46499208
3044, 48927184
3046, 48927448
3048, 48926780
3050, 48927532
3052, 48926984
3054, 48927508
3056, 48927012
3058, 48927316
3060, 48927712
3062, 49421012
3064, 49490260
3066, 49490244
3068, 49489880
3070, 50057044
3072, 32876828
3074, 1855564
3076, 2881976
3078, 4568980
3080, 6269132
3082, 6269824
3084, 6269616
3086, 6269480
3088, 6269524
3090, 7298808
3092, 8384116
3094, 9229740
3096, 9785760
3098, 10334924
3100, 10836508
3102, 13244864
3104, 13244804
3106, 13244516
3108, 15288804
3110, 15358360
3112, 17413880
3114, 23587900
3116, 28839104
3118, 31528236
3120, 32594720
3122, 32594884
3124, 32594560
3126, 32594116
3128, 32594908
3130, 32594672
3132, 32594048
3134, 32593640
3136, 32593404
3138, 32594056
3140, 32593924
3142, 33156128
3144, 33156048
3146, 33156572
3148, 34112048
3150, 36798180
3152, 39503900
3154, 42199736
3156, 44901480
3158, 47610424
3160, 48922048
3162, 48922296
3164, 48922480
3166, 48922580
3168, 48922032
3170, 48922732
3172, 48922044
3174, 48922360
3176, 48922268
3178, 49484412
3180, 49484636
3182, 49484844
3184, 49484252
3186, 50056228
3188, 10913464
3190, 1822888
3192, 3175368
3194, 4865268
3196, 6265540
3198, 6265524
3200, 6264924
3202, 6265196
3204, 6292632
3206, 7599784
3208, 8683328
3210, 9323372
3212, 9813364
3214, 10329352
3216, 10999784
3218, 13239040
3220, 13238836
3222, 13309752
3224, 15285084
3226, 15746528
3228, 18628080
3230, 25535400
3232, 29547920
3234, 32239424
3236, 32589992
3238, 32589164
3240, 32589196
3242, 32589260
3244, 32589684
3246, 32589332
3248, 32589912
3250, 32589788
3252, 32590052
3254, 32589720
3256, 33018668
3258, 33152960
3260, 33153652
3262, 33153496
3264, 34828624
3266, 37532048
3268, 40226088
3270, 48917572
3272, 48917464
3274, 48918080
3276, 48917872
3278, 48917012
3280, 48916584
3282, 48917460
3284, 48916704
3286, 48917776
3288, 49480712
3290, 49480476
3292, 49480744
3294, 49480304
3296, 50049404
3298, 32919772
3300, 1675456
3302, 1757236
3304, 1883732
3306, 1908500
3308, 1909172
3310, 1912760
3312, 1866660
3314, 1914020
3316, 1914424
3318, 1913156
3320, 1914948
3322, 1913640
3324, 1867724
3326, 1912800
3328, 1915264
3330, 1914152
3332, 1915360
3334, 1884504
3336, 1916224
3338, 1916760
3340, 1917248
3342, 1918188
3344, 1916624
3346, 1872924
3348, 1916992
3350, 1917932
3352, 1918676
3354, 1874052
3356, 1873812
3358, 1918764
3360, 1916828
3362, 1917892
3364, 1920448
3366, 1875652
3368, 1921056
3370, 2032200
3372, 2031128
3374, 2032736
3376, 2031976
3378, 2031140
3380, 2031084
3382, 2030472
3384, 2033556
3386, 2032948
3388, 2033244
3390, 2032216
3392, 2033576
3394, 2033152
3396, 2033340
3398, 2032964
3400, 2032744
3402, 2031896
3404, 2031172
3406, 2031588
3408, 2030880
3410, 2031512
3412, 2031344
3414, 2030948
3416, 2031044
3418, 2031228
3420, 2031524
3422, 2031368
3424, 2031376
3426, 2030840
3428, 2030420
3430, 2030480
3432, 2030536
3434, 2030488
3436, 2030600
3438, 2031484
3440, 2030856
3442, 2030088
3444, 2031480
3446, 2030160
3448, 2030628
3450, 2030292
3452, 2030268
3454, 2030084
3456, 2029764
3458, 2030268
3460, 2031752
3462, 2031448
3464, 2031940
3466, 2031508
3468, 2033208
3470, 2032632
3472, 2033088
3474, 2032216
3476, 2032480
3478, 2032488
3480, 2032456
3482, 2031692
3484, 2031712
3486, 2031404
3488, 2031204
3490, 2031604
3492, 2032172
3494, 2031772
3496, 2031064
3498, 2030856
3500, 2030836
3502, 2030784
3504, 2030172
3506, 2030164
3508, 2030356
3510, 2030512
3512, 2030660
3514, 2030080
3516, 2030772
3518, 2029956
3520, 2030124
3522, 2030692
3524, 2030132
3526, 2030288
3528, 2031256
3530, 2030768
3532, 2030920
3534, 2031040
3536, 2030844
3538, 2030692
3540, 2032760
3542, 2031064
3544, 2031112
3546, 2030820
3548, 2031320
3550, 2031396
3552, 2031404
3554, 2031268
3556, 2031456
3558, 2031436
3560, 2031588
3562, 2031820
3564, 2031396
3566, 2031560
3568, 2031492
3570, 2031444
3572, 2031976
3574, 2030880
3576, 2030920
3578, 2030632
3580, 2030492
3582, 2030824
3584, 2032060
3586, 2031832
3588, 2032584
3590, 2031984
3592, 1877536
3594, 2043180
3596, 2041484
3598, 2041640
3600, 2041416
3602, 2040652
3604, 2040552
3606, 2040700
3608, 2041104
3610, 2040980
3612, 2040336
3614, 2040320
3616, 2040876
3618, 2039964
3620, 2040384
3622, 2040452
3624, 2062340
3626, 2063396
3628, 2064068
3630, 2063340
3632, 2063552
3634, 2063840
3636, 2063288
3638, 2063552
3640, 2310476
3642, 2310640
3644, 2311128
3646, 2311792
3648, 2311332
3650, 2311592
3652, 2311940
3654, 2312408
3656, 2312516
3658, 2312788
3660, 2313788
3662, 2313404
3664, 2313616
3666, 2313640
3668, 2314452
3670, 2313960
3672, 2314072
3674, 2314272
3676, 2313984
3678, 2314084
3680, 2313756
3682, 2313584
3684, 2313776
3686, 2313480
3688, 2312996
3690, 2312976
3692, 2313600
3694, 2313372
3696, 2313956
3698, 2313496
3700, 2313336
3702, 2313848
3704, 2313412
3706, 2313964
3708, 2312856
3710, 2313324
3712, 2313876
3714, 2313120
3716, 2313352
3718, 2313448
3720, 2313496
3722, 2313576
3724, 2313336
3726, 2313632
3728, 2313608
3730, 2312688
3732, 2312932
3734, 2314520
3736, 2314020
3738, 2314520
3740, 2313808
3742, 2314308
3744, 2314380
3746, 2314220
3748, 2314048
3750, 2105352
3752, 1970092
3754, 1969956
3756, 1969800
3758, 1969516
3760, 2029312
3762, 1876852
3764, 1876216
3766, 1876604
3768, 1875780
3770, 1875132
3772, 2106592
3774, 2338032
3776, 2421204
3778, 2443624
3780, 2535640
3782, 2445436
3784, 2519484
3786, 2591200
3788, 2475824
3790, 2475732
3792, 2476112
3794, 2477724
3796, 2478572
3798, 2478472
3800, 2477276
3802, 2296620
3804, 2443876
3806, 2445588
3808, 2458800
3810, 2459084
3812, 2459016
3814, 2731188
3816, 2585160
3818, 2586476
3820, 2584400
3822, 2583700
3824, 2582644
3826, 2582564
3828, 2583228
3830, 2582496
3832, 2582716
3834, 2583648
3836, 2583864
3838, 2582644
3840, 2582336
3842, 2582716
3844, 2582084
3846, 2582108
3848, 2076472
3850, 2100284
3852, 2106500
3854, 2105748
3856, 1874208
3858, 1875244
3860, 1670872
3862, 1731064
3864, 1879236
3866, 1926728
3868, 1969956
3870, 1975240
3872, 1752228
3874, 1909920
3876, 1819724
3878, 1821180
3880, 1659476
